LVL 11 (8x8)
Greedy: 0.010278952999897228
Breadth: 14.892354696999973 

LVL 38 (6x6)
Greedy: 4.400760039000033
Breadth: 1.1460867919997781 
